train_acc
test_acc
train_conf
test_conf

0.7323943376541138
0.75
[[ 2 17]
 [ 2 50]]
[[0 1]
 [1 6]]

0.7746478915214539
0.625
[[ 3 15]
 [ 1 52]]
[[0 2]
 [1 5]]

0.7042253613471985
0.5
[[ 2 16]
 [ 5 48]]
[[0 2]
 [2 4]]

0.7605633735656738
0.625
[[ 0 17]
 [ 0 54]]
[[0 3]
 [0 5]]

0.7183098793029785
0.875
[[ 0 19]
 [ 1 51]]
[[0 1]
 [0 7]]

0.7464788556098938
0.75
[[ 0 18]
 [ 0 53]]
[[0 2]
 [0 6]]

0.7323943376541138
0.75
[[ 0 18]
 [ 1 52]]
[[0 2]
 [0 6]]

0.7464788556098938
0.75
[[ 0 18]
 [ 0 53]]
[[0 2]
 [0 6]]

0.7605633735656738
0.625
[[ 0 17]
 [ 0 54]]
[[0 3]
 [0 5]]

0.75
0.7142857313156128
[[ 0 18]
 [ 0 54]]
[[0 2]
 [0 5]]

