train_acc
test_acc
train_conf
test_conf

0.8028169274330139
0.75
[[ 5 14]
 [ 0 52]]
[[0 1]
 [1 6]]

0.8873239159584045
0.75
[[11  7]
 [ 1 52]]
[[0 2]
 [0 6]]

0.8169013857841492
0.75
[[ 5 13]
 [ 0 53]]
[[0 2]
 [0 6]]

0.8309859037399292
0.625
[[ 5 12]
 [ 0 54]]
[[0 3]
 [0 5]]

0.8732394576072693
0.875
[[10  9]
 [ 0 52]]
[[0 1]
 [0 7]]

0.8732394576072693
0.75
[[ 9  9]
 [ 0 53]]
[[0 2]
 [0 6]]

0.8873239159584045
0.75
[[10  8]
 [ 0 53]]
[[0 2]
 [0 6]]

0.9436619877815247
0.625
[[16  2]
 [ 2 51]]
[[0 2]
 [1 5]]

0.8450704216957092
0.625
[[ 6 11]
 [ 0 54]]
[[0 3]
 [0 5]]

0.875
0.7142857313156128
[[11  7]
 [ 2 52]]
[[0 2]
 [0 5]]

