train_acc
test_acc
train_conf
test_conf

0.8873239159584045
0.75
[[11  8]
 [ 0 52]]
[[1 0]
 [2 5]]

0.9014084339141846
0.75
[[11  7]
 [ 0 53]]
[[0 2]
 [0 6]]

0.8309859037399292
0.875
[[ 6 12]
 [ 0 53]]
[[1 1]
 [0 6]]

0.8591549396514893
0.625
[[ 7 10]
 [ 0 54]]
[[0 3]
 [0 5]]

0.8309859037399292
0.875
[[ 8 11]
 [ 1 51]]
[[0 1]
 [0 7]]

0.8873239159584045
0.625
[[11  7]
 [ 1 52]]
[[0 2]
 [1 5]]

0.8732394576072693
0.75
[[ 9  9]
 [ 0 53]]
[[0 2]
 [0 6]]

0.8732394576072693
0.75
[[11  7]
 [ 2 51]]
[[0 2]
 [0 6]]

0.8873239159584045
0.625
[[ 9  8]
 [ 0 54]]
[[0 3]
 [0 5]]

0.9027777910232544
0.7142857313156128
[[11  7]
 [ 0 54]]
[[0 2]
 [0 5]]

