train_acc
test_acc
train_conf
test_conf

0.8309859037399292
0.75
[[12  7]
 [ 5 47]]
[[0 1]
 [1 6]]

0.8028169274330139
0.5
[[ 6 12]
 [ 2 51]]
[[0 2]
 [2 4]]

0.8591549396514893
1.0
[[14  4]
 [ 6 47]]
[[2 0]
 [0 6]]

0.8028169274330139
0.625
[[ 3 14]
 [ 0 54]]
[[0 3]
 [0 5]]

0.8169013857841492
0.875
[[10  9]
 [ 4 48]]
[[0 1]
 [0 7]]

0.8873239159584045
0.75
[[12  6]
 [ 2 51]]
[[0 2]
 [0 6]]

0.8450704216957092
0.75
[[10  8]
 [ 3 50]]
[[0 2]
 [0 6]]

0.8450704216957092
0.75
[[10  8]
 [ 3 50]]
[[1 1]
 [1 5]]

0.8450704216957092
0.625
[[ 8  9]
 [ 2 52]]
[[0 3]
 [0 5]]

0.8055555820465088
0.5714285969734192
[[ 4 14]
 [ 0 54]]
[[0 2]
 [1 4]]

