train_acc
test_acc
train_conf
test_conf

0.8732394576072693
0.875
[[10  9]
 [ 0 52]]
[[0 1]
 [0 7]]

0.8732394576072693
0.75
[[ 9  9]
 [ 0 53]]
[[0 2]
 [0 6]]

0.8450704216957092
0.875
[[ 7 11]
 [ 0 53]]
[[1 1]
 [0 6]]

0.8169013857841492
0.5
[[ 4 13]
 [ 0 54]]
[[0 3]
 [1 4]]

0.8028169274330139
0.875
[[ 6 13]
 [ 1 51]]
[[0 1]
 [0 7]]

0.8732394576072693
0.75
[[ 9  9]
 [ 0 53]]
[[0 2]
 [0 6]]

0.8732394576072693
0.75
[[ 9  9]
 [ 0 53]]
[[0 2]
 [0 6]]

0.9577465057373047
0.625
[[15  3]
 [ 0 53]]
[[0 2]
 [1 5]]

0.8732394576072693
0.625
[[ 8  9]
 [ 0 54]]
[[0 3]
 [0 5]]

0.9444444179534912
0.7142857313156128
[[14  4]
 [ 0 54]]
[[0 2]
 [0 5]]

