train_acc
test_acc
train_conf
test_conf

0.7887324094772339
0.875
[[ 4 15]
 [ 0 52]]
[[0 1]
 [0 7]]

0.8309859037399292
0.75
[[ 6 12]
 [ 0 53]]
[[0 2]
 [0 6]]

0.8169013857841492
0.75
[[ 5 13]
 [ 0 53]]
[[0 2]
 [0 6]]

0.7746478915214539
0.625
[[ 1 16]
 [ 0 54]]
[[0 3]
 [0 5]]

0.7887324094772339
0.875
[[ 4 15]
 [ 0 52]]
[[0 1]
 [0 7]]

0.8169013857841492
0.75
[[ 5 13]
 [ 0 53]]
[[0 2]
 [0 6]]

0.7887324094772339
0.75
[[ 3 15]
 [ 0 53]]
[[0 2]
 [0 6]]

0.8309859037399292
0.75
[[ 6 12]
 [ 0 53]]
[[0 2]
 [0 6]]

0.8028169274330139
0.625
[[ 3 14]
 [ 0 54]]
[[0 3]
 [0 5]]

0.7777777910232544
0.7142857313156128
[[ 2 16]
 [ 0 54]]
[[0 2]
 [0 5]]

