train_acc
test_acc
train_conf
test_conf

0.8450704216957092
0.625
[[10  9]
 [ 2 50]]
[[0 1]
 [2 5]]

0.9014084339141846
0.75
[[12  6]
 [ 1 52]]
[[0 2]
 [0 6]]

0.8169013857841492
0.625
[[11  7]
 [ 6 47]]
[[1 1]
 [2 4]]

0.8169013857841492
0.625
[[ 4 13]
 [ 0 54]]
[[0 3]
 [0 5]]

0.8591549396514893
0.5
[[13  6]
 [ 4 48]]
[[0 1]
 [3 4]]

0.8591549396514893
0.75
[[10  8]
 [ 2 51]]
[[0 2]
 [0 6]]

0.7605633735656738
0.75
[[ 5 13]
 [ 4 49]]
[[0 2]
 [0 6]]

0.8450704216957092
0.875
[[12  6]
 [ 5 48]]
[[1 1]
 [0 6]]

0.8591549396514893
0.625
[[ 9  8]
 [ 2 52]]
[[0 3]
 [0 5]]

0.8333333134651184
0.7142857313156128
[[ 7 11]
 [ 1 53]]
[[0 2]
 [0 5]]

