train_acc
test_acc
train_conf
test_conf

0.7323943376541138
0.875
[[ 0 19]
 [ 0 52]]
[[0 1]
 [0 7]]

0.7464788556098938
0.75
[[ 0 18]
 [ 0 53]]
[[0 2]
 [0 6]]

0.7464788556098938
0.75
[[ 0 18]
 [ 0 53]]
[[0 2]
 [0 6]]

0.7605633735656738
0.625
[[ 0 17]
 [ 0 54]]
[[0 3]
 [0 5]]

0.7323943376541138
0.875
[[ 0 19]
 [ 0 52]]
[[0 1]
 [0 7]]

0.7464788556098938
0.75
[[ 0 18]
 [ 0 53]]
[[0 2]
 [0 6]]

0.7464788556098938
0.75
[[ 0 18]
 [ 0 53]]
[[0 2]
 [0 6]]

0.7464788556098938
0.75
[[ 0 18]
 [ 0 53]]
[[0 2]
 [0 6]]

0.7605633735656738
0.625
[[ 0 17]
 [ 0 54]]
[[0 3]
 [0 5]]

0.75
0.7142857313156128
[[ 0 18]
 [ 0 54]]
[[0 2]
 [0 5]]

