train_acc
test_acc
train_conf
test_conf

0.8873239159584045
0.75
[[13  6]
 [ 2 50]]
[[0 1]
 [1 6]]

0.8028169274330139
0.5
[[ 6 12]
 [ 2 51]]
[[0 2]
 [2 4]]

0.9014084339141846
0.75
[[13  5]
 [ 2 51]]
[[1 1]
 [1 5]]

0.8309859037399292
0.625
[[ 5 12]
 [ 0 54]]
[[0 3]
 [0 5]]

0.8450704216957092
0.625
[[12  7]
 [ 4 48]]
[[0 1]
 [2 5]]

0.8873239159584045
0.75
[[12  6]
 [ 2 51]]
[[0 2]
 [0 6]]

0.8732394576072693
0.5
[[11  7]
 [ 2 51]]
[[0 2]
 [2 4]]

0.8591549396514893
0.875
[[12  6]
 [ 4 49]]
[[1 1]
 [0 6]]

0.8873239159584045
0.625
[[10  7]
 [ 1 53]]
[[0 3]
 [0 5]]

0.8611111044883728
0.7142857313156128
[[11  7]
 [ 3 51]]
[[0 2]
 [0 5]]

