train_acc
test_acc
train_conf
test_conf

0.9174311757087708
0.625
[[54  3]
 [ 6 46]]
[[1 0]
 [3 4]]

0.9065420627593994
0.5
[[48  6]
 [ 4 49]]
[[0 2]
 [2 4]]

0.8504672646522522
0.75
[[48  6]
 [10 43]]
[[1 1]
 [1 5]]

0.9428571462631226
0.625
[[48  3]
 [ 3 51]]
[[3 0]
 [3 2]]

0.9266055226325989
0.375
[[57  0]
 [ 8 44]]
[[0 1]
 [4 3]]

0.8037382960319519
0.625
[[42 12]
 [ 9 44]]
[[0 2]
 [1 5]]

0.8785046935081482
0.875
[[48  6]
 [ 7 46]]
[[1 1]
 [0 6]]

0.822429895401001
0.75
[[42 12]
 [ 7 46]]
[[0 2]
 [0 6]]

0.8476190567016602
0.75
[[42  9]
 [ 7 47]]
[[3 0]
 [2 3]]

0.7962962985038757
0.8571428656578064
[[39 15]
 [ 7 47]]
[[2 0]
 [1 4]]

