train_acc
test_acc
train_conf
test_conf

0.9082568883895874
0.75
[[51  6]
 [ 4 48]]
[[1 0]
 [2 5]]

0.9345794320106506
0.625
[[51  3]
 [ 4 49]]
[[0 2]
 [1 5]]

0.8317757248878479
0.75
[[39 15]
 [ 3 50]]
[[1 1]
 [1 5]]

0.8952381014823914
0.625
[[42  9]
 [ 2 52]]
[[3 0]
 [3 2]]

0.8165137767791748
0.125
[[42 15]
 [ 5 47]]
[[0 1]
 [6 1]]

0.9158878326416016
0.75
[[51  3]
 [ 6 47]]
[[0 2]
 [0 6]]

0.9532710313796997
0.875
[[54  0]
 [ 5 48]]
[[1 1]
 [0 6]]

0.8504672646522522
0.75
[[42 12]
 [ 4 49]]
[[0 2]
 [0 6]]

0.8761904835700989
0.75
[[45  6]
 [ 7 47]]
[[3 0]
 [2 3]]

0.9629629850387573
0.8571428656578064
[[54  0]
 [ 4 50]]
[[1 1]
 [0 5]]

