train_acc
test_acc
train_conf
test_conf

0.9816513657569885
0.5
[[57  0]
 [ 2 50]]
[[0 1]
 [3 4]]

1.0
0.375
[[54  0]
 [ 0 53]]
[[1 1]
 [4 2]]

1.0
0.625
[[54  0]
 [ 0 53]]
[[1 1]
 [2 4]]

0.9809523820877075
0.75
[[51  0]
 [ 2 52]]
[[3 0]
 [2 3]]

0.9908257126808167
1.0
[[57  0]
 [ 1 51]]
[[1 0]
 [0 7]]

0.9626168012619019
1.0
[[54  0]
 [ 4 49]]
[[2 0]
 [0 6]]

0.9719626307487488
0.375
[[54  0]
 [ 3 50]]
[[0 2]
 [3 3]]

1.0
1.0
[[54  0]
 [ 0 53]]
[[2 0]
 [0 6]]

0.961904764175415
0.75
[[51  0]
 [ 4 50]]
[[1 2]
 [0 5]]

0.9814814925193787
0.8571428656578064
[[54  0]
 [ 2 52]]
[[2 0]
 [1 4]]

