train_acc
test_acc
train_conf
test_conf

0.47706422209739685
0.875
[[ 0 57]
 [ 0 52]]
[[0 1]
 [0 7]]

0.7476635575294495
0.25
[[48  6]
 [21 32]]
[[0 2]
 [4 2]]

0.4953271150588989
0.75
[[ 0 54]
 [ 0 53]]
[[0 2]
 [0 6]]

0.5142857432365417
0.625
[[ 0 51]
 [ 0 54]]
[[0 3]
 [0 5]]

0.752293586730957
0.625
[[54  3]
 [24 28]]
[[1 0]
 [3 4]]

0.4953271150588989
0.75
[[ 0 54]
 [ 0 53]]
[[0 2]
 [0 6]]

0.4953271150588989
0.75
[[ 0 54]
 [ 0 53]]
[[0 2]
 [0 6]]

0.4953271150588989
0.75
[[ 0 54]
 [ 0 53]]
[[0 2]
 [0 6]]

0.5142857432365417
0.625
[[ 0 51]
 [ 0 54]]
[[0 3]
 [0 5]]

0.5
0.7142857313156128
[[ 0 54]
 [ 0 54]]
[[0 2]
 [0 5]]

