train_acc
test_acc
train_conf
test_conf

0.9541284441947937
0.25
[[57  0]
 [ 5 47]]
[[0 1]
 [5 2]]

0.9532710313796997
0.25
[[54  0]
 [ 5 48]]
[[0 2]
 [4 2]]

0.9626168012619019
0.625
[[54  0]
 [ 4 49]]
[[2 0]
 [3 3]]

0.9142857193946838
0.375
[[51  0]
 [ 9 45]]
[[1 2]
 [3 2]]

0.9449541568756104
0.625
[[57  0]
 [ 6 46]]
[[0 1]
 [2 5]]

0.9158878326416016
0.875
[[54  0]
 [ 9 44]]
[[2 0]
 [1 5]]

0.9252336621284485
0.625
[[54  0]
 [ 8 45]]
[[0 2]
 [1 5]]

0.9906542301177979
0.75
[[54  0]
 [ 1 52]]
[[1 1]
 [1 5]]

0.9428571462631226
0.875
[[48  3]
 [ 3 51]]
[[3 0]
 [1 4]]

0.9814814925193787
0.7142857313156128
[[54  0]
 [ 2 52]]
[[1 1]
 [1 4]]

