train_acc
test_acc
train_conf
test_conf

0.6880733966827393
0.25
[[39 18]
 [16 36]]
[[0 1]
 [5 2]]

0.6355140209197998
0.375
[[33 21]
 [18 35]]
[[0 2]
 [3 3]]

0.4953271150588989
0.75
[[ 0 54]
 [ 0 53]]
[[0 2]
 [0 6]]

0.5142857432365417
0.625
[[ 0 51]
 [ 0 54]]
[[0 3]
 [0 5]]

0.47706422209739685
0.875
[[ 0 57]
 [ 0 52]]
[[0 1]
 [0 7]]

0.4953271150588989
0.75
[[ 0 54]
 [ 0 53]]
[[0 2]
 [0 6]]

0.4953271150588989
0.75
[[ 0 54]
 [ 0 53]]
[[0 2]
 [0 6]]

0.4953271150588989
0.75
[[ 0 54]
 [ 0 53]]
[[0 2]
 [0 6]]

0.5142857432365417
0.625
[[ 0 51]
 [ 0 54]]
[[0 3]
 [0 5]]

0.5
0.7142857313156128
[[ 0 54]
 [ 0 54]]
[[0 2]
 [0 5]]

