train_acc
test_acc
train_conf
test_conf

0.7155963182449341
0.375
[[39 18]
 [13 39]]
[[0 1]
 [4 3]]

0.644859790802002
0.375
[[33 21]
 [17 36]]
[[0 2]
 [3 3]]

0.6168224215507507
0.5
[[30 24]
 [17 36]]
[[2 0]
 [4 2]]

0.6761904954910278
0.25
[[33 18]
 [16 38]]
[[0 3]
 [3 2]]

0.6238532066345215
0.875
[[33 24]
 [17 35]]
[[1 0]
 [1 6]]

0.5794392228126526
0.875
[[27 27]
 [18 35]]
[[2 0]
 [1 5]]

0.7850467562675476
0.25
[[42 12]
 [11 42]]
[[0 2]
 [4 2]]

0.7289719581604004
0.75
[[39 15]
 [14 39]]
[[0 2]
 [0 6]]

0.5809524059295654
0.25
[[24 27]
 [17 37]]
[[0 3]
 [3 2]]

0.6296296119689941
0.5714285969734192
[[30 24]
 [16 38]]
[[2 0]
 [3 2]]

