train_acc
test_acc
train_conf
test_conf

0.9266055226325989
0.75
[[54  3]
 [ 5 47]]
[[1 0]
 [2 5]]

0.9813084006309509
0.5
[[54  0]
 [ 2 51]]
[[0 2]
 [2 4]]

0.9532710313796997
0.875
[[51  3]
 [ 2 51]]
[[1 1]
 [0 6]]

0.961904764175415
0.625
[[48  3]
 [ 1 53]]
[[3 0]
 [3 2]]

0.9816513657569885
0.5
[[57  0]
 [ 2 50]]
[[0 1]
 [3 4]]

0.8598130941390991
0.75
[[42 12]
 [ 3 50]]
[[0 2]
 [0 6]]

0.9719626307487488
0.75
[[54  0]
 [ 3 50]]
[[0 2]
 [0 6]]

0.9813084006309509
0.75
[[54  0]
 [ 2 51]]
[[0 2]
 [0 6]]

0.7809523940086365
0.75
[[33 18]
 [ 5 49]]
[[3 0]
 [2 3]]

0.8981481194496155
0.8571428656578064
[[45  9]
 [ 2 52]]
[[1 1]
 [0 5]]

