train_acc
test_acc
train_conf
test_conf

0.7064220309257507
0.375
[[39 18]
 [14 38]]
[[0 1]
 [4 3]]

0.6168224215507507
0.375
[[30 24]
 [17 36]]
[[0 2]
 [3 3]]

0.6542056202888489
0.5
[[33 21]
 [16 37]]
[[2 0]
 [4 2]]

0.6952381134033203
0.25
[[33 18]
 [14 40]]
[[0 3]
 [3 2]]

0.6788991093635559
0.875
[[39 18]
 [17 35]]
[[1 0]
 [1 6]]

0.6168224215507507
0.875
[[33 21]
 [20 33]]
[[2 0]
 [1 5]]

0.7850467562675476
0.25
[[42 12]
 [11 42]]
[[0 2]
 [4 2]]

0.7570093274116516
0.75
[[42 12]
 [14 39]]
[[0 2]
 [0 6]]

0.5714285969734192
0.25
[[24 27]
 [18 36]]
[[0 3]
 [3 2]]

0.6388888955116272
0.5714285969734192
[[30 24]
 [15 39]]
[[2 0]
 [3 2]]

