train_acc
test_acc
train_conf
test_conf

0.7247706651687622
0.375
[[42 15]
 [15 37]]
[[0 1]
 [4 3]]

0.644859790802002
0.375
[[33 21]
 [17 36]]
[[0 2]
 [3 3]]

0.6168224215507507
0.5
[[30 24]
 [17 36]]
[[2 0]
 [4 2]]

0.6952381134033203
0.25
[[36 15]
 [17 37]]
[[0 3]
 [3 2]]

0.6513761281967163
0.875
[[36 21]
 [17 35]]
[[1 0]
 [1 6]]

0.5607476830482483
0.875
[[24 30]
 [17 36]]
[[2 0]
 [1 5]]

0.7850467562675476
0.25
[[42 12]
 [11 42]]
[[0 2]
 [4 2]]

0.7009345889091492
0.75
[[36 18]
 [14 39]]
[[0 2]
 [0 6]]

0.6000000238418579
0.25
[[27 24]
 [18 36]]
[[0 3]
 [3 2]]

0.7129629850387573
0.5714285969734192
[[39 15]
 [16 38]]
[[2 0]
 [3 2]]

