train_acc
test_acc
train_conf
test_conf

0.9449541568756104
0.375
[[57  0]
 [ 6 46]]
[[0 1]
 [4 3]]

0.9439252614974976
0.25
[[54  0]
 [ 6 47]]
[[0 2]
 [4 2]]

0.9813084006309509
0.875
[[54  0]
 [ 2 51]]
[[2 0]
 [1 5]]

0.9523809552192688
0.5
[[51  0]
 [ 5 49]]
[[1 2]
 [2 3]]

0.9908257126808167
0.625
[[57  0]
 [ 1 51]]
[[0 1]
 [2 5]]

0.9906542301177979
1.0
[[54  0]
 [ 1 52]]
[[2 0]
 [0 6]]

0.9813084006309509
0.5
[[54  0]
 [ 2 51]]
[[0 2]
 [2 4]]

0.9626168012619019
0.625
[[54  0]
 [ 4 49]]
[[1 1]
 [2 4]]

0.9714285731315613
1.0
[[51  0]
 [ 3 51]]
[[3 0]
 [0 5]]

0.9444444179534912
0.7142857313156128
[[54  0]
 [ 6 48]]
[[1 1]
 [1 4]]

