train_acc
test_acc
train_conf
test_conf

0.8899082541465759
0.375
[[57  0]
 [12 40]]
[[0 1]
 [4 3]]

0.9439252614974976
0.375
[[54  0]
 [ 6 47]]
[[2 0]
 [5 1]]

0.8971962332725525
0.625
[[51  3]
 [ 8 45]]
[[1 1]
 [2 4]]

0.9142857193946838
0.75
[[51  0]
 [ 9 45]]
[[3 0]
 [2 3]]

0.9174311757087708
0.75
[[54  3]
 [ 6 46]]
[[0 1]
 [1 6]]

0.9813084006309509
0.875
[[54  0]
 [ 2 51]]
[[1 1]
 [0 6]]

0.9158878326416016
0.375
[[54  0]
 [ 9 44]]
[[0 2]
 [3 3]]

0.9158878326416016
0.75
[[54  0]
 [ 9 44]]
[[1 1]
 [1 5]]

0.9047619104385376
0.625
[[51  0]
 [10 44]]
[[0 3]
 [0 5]]

0.9537037014961243
0.8571428656578064
[[54  0]
 [ 5 49]]
[[2 0]
 [1 4]]

