train_acc
test_acc
train_conf
test_conf

0.5229358077049255
0.125
[[57  0]
 [52  0]]
[[1 0]
 [7 0]]

0.5046728849411011
0.25
[[54  0]
 [53  0]]
[[2 0]
 [6 0]]

0.5046728849411011
0.25
[[54  0]
 [53  0]]
[[2 0]
 [6 0]]

0.48571428656578064
0.375
[[51  0]
 [54  0]]
[[3 0]
 [5 0]]

0.5229358077049255
0.125
[[57  0]
 [52  0]]
[[1 0]
 [7 0]]

0.514018714427948
0.25
[[54  0]
 [52  1]]
[[2 0]
 [6 0]]

0.514018714427948
0.25
[[54  0]
 [52  1]]
[[2 0]
 [6 0]]

0.5046728849411011
0.125
[[54  0]
 [53  0]]
[[1 1]
 [6 0]]

0.5142857432365417
0.5
[[51  0]
 [51  3]]
[[3 0]
 [4 1]]

0.5
0.2857142984867096
[[54  0]
 [54  0]]
[[2 0]
 [5 0]]

