train_acc
test_acc
train_conf
test_conf

0.5596330165863037
0.125
[[57  0]
 [48  4]]
[[1 0]
 [7 0]]

0.5420560836791992
0.25
[[54  0]
 [49  4]]
[[2 0]
 [6 0]]

0.5046728849411011
0.25
[[54  0]
 [53  0]]
[[2 0]
 [6 0]]

0.4952380955219269
0.375
[[51  0]
 [53  1]]
[[3 0]
 [5 0]]

0.5229358077049255
0.125
[[57  0]
 [52  0]]
[[1 0]
 [7 0]]

0.514018714427948
0.25
[[54  0]
 [52  1]]
[[2 0]
 [6 0]]

0.514018714427948
0.25
[[54  0]
 [52  1]]
[[2 0]
 [6 0]]

0.5327102541923523
0.25
[[54  0]
 [50  3]]
[[2 0]
 [6 0]]

0.48571428656578064
0.375
[[48  3]
 [51  3]]
[[3 0]
 [5 0]]

0.5185185074806213
0.4285714328289032
[[54  0]
 [52  2]]
[[2 0]
 [4 1]]

