train_acc
test_acc
train_conf
test_conf

0.5321100950241089
0.875
[[ 6 51]
 [ 0 52]]
[[0 1]
 [0 7]]

0.5514018535614014
0.75
[[ 6 48]
 [ 0 53]]
[[0 2]
 [0 6]]

0.5700934529304504
0.75
[[ 9 45]
 [ 1 52]]
[[0 2]
 [0 6]]

0.4952380955219269
0.5
[[ 3 48]
 [ 5 49]]
[[0 3]
 [1 4]]

0.5045871734619141
1.0
[[ 6 51]
 [ 3 49]]
[[1 0]
 [0 7]]

0.5794392228126526
0.75
[[ 9 45]
 [ 0 53]]
[[0 2]
 [0 6]]

0.5514018535614014
0.75
[[ 6 48]
 [ 0 53]]
[[0 2]
 [0 6]]

0.4579439163208008
0.625
[[ 3 51]
 [ 7 46]]
[[0 2]
 [1 5]]

0.5714285969734192
0.625
[[ 6 45]
 [ 0 54]]
[[0 3]
 [0 5]]

0.5740740895271301
0.7142857313156128
[[ 9 45]
 [ 1 53]]
[[0 2]
 [0 5]]

