train_acc
test_acc
train_conf
test_conf

0.5504587292671204
0.125
[[57  0]
 [49  3]]
[[1 0]
 [7 0]]

0.5607476830482483
0.25
[[54  0]
 [47  6]]
[[2 0]
 [6 0]]

0.5046728849411011
0.25
[[54  0]
 [53  0]]
[[2 0]
 [6 0]]

0.48571428656578064
0.375
[[51  0]
 [54  0]]
[[3 0]
 [5 0]]

0.5321100950241089
0.125
[[57  0]
 [51  1]]
[[1 0]
 [7 0]]

0.514018714427948
0.25
[[54  0]
 [52  1]]
[[2 0]
 [6 0]]

0.5233644843101501
0.25
[[54  0]
 [51  2]]
[[2 0]
 [6 0]]

0.5046728849411011
0.25
[[54  0]
 [53  0]]
[[2 0]
 [6 0]]

0.523809552192688
0.375
[[51  0]
 [50  4]]
[[3 0]
 [5 0]]

0.5
0.4285714328289032
[[54  0]
 [54  0]]
[[2 0]
 [4 1]]

