train_acc
test_acc
train_conf
test_conf

0.5596330165863037
0.125
[[57  0]
 [48  4]]
[[1 0]
 [7 0]]

0.6168224215507507
0.25
[[54  0]
 [41 12]]
[[2 0]
 [6 0]]

0.5327102541923523
0.25
[[54  0]
 [50  3]]
[[2 0]
 [6 0]]

0.5142857432365417
0.375
[[51  0]
 [51  3]]
[[3 0]
 [5 0]]

0.5412843823432922
0.25
[[57  0]
 [50  2]]
[[1 0]
 [6 1]]

0.5233644843101501
0.25
[[54  0]
 [51  2]]
[[2 0]
 [6 0]]

0.5233644843101501
0.25
[[54  0]
 [51  2]]
[[2 0]
 [6 0]]

0.5420560836791992
0.25
[[54  0]
 [49  4]]
[[2 0]
 [6 0]]

0.5428571701049805
0.375
[[51  0]
 [48  6]]
[[3 0]
 [5 0]]

0.5370370149612427
0.4285714328289032
[[54  0]
 [50  4]]
[[2 0]
 [4 1]]

