train_acc
test_acc
train_conf
test_conf

0.6330274939537048
0.125
[[57  0]
 [40 12]]
[[1 0]
 [7 0]]

0.6168224215507507
0.25
[[54  0]
 [41 12]]
[[2 0]
 [6 0]]

0.5327102541923523
0.25
[[54  0]
 [50  3]]
[[2 0]
 [6 0]]

0.523809552192688
0.375
[[51  0]
 [50  4]]
[[3 0]
 [5 0]]

0.5504587292671204
0.25
[[57  0]
 [49  3]]
[[1 0]
 [6 1]]

0.5233644843101501
0.5
[[54  0]
 [51  2]]
[[2 0]
 [4 2]]

0.5981308221817017
0.25
[[54  0]
 [43 10]]
[[2 0]
 [6 0]]

0.5420560836791992
0.25
[[54  0]
 [49  4]]
[[2 0]
 [6 0]]

0.5809524059295654
0.5
[[51  0]
 [44 10]]
[[3 0]
 [4 1]]

0.5462962985038757
0.4285714328289032
[[54  0]
 [49  5]]
[[2 0]
 [4 1]]

