train_acc
test_acc
train_conf
test_conf

0.5963302850723267
0.125
[[57  0]
 [44  8]]
[[1 0]
 [7 0]]

0.5981308221817017
0.25
[[54  0]
 [43 10]]
[[2 0]
 [6 0]]

0.5607476830482483
0.25
[[54  0]
 [47  6]]
[[2 0]
 [6 0]]

0.5333333611488342
0.375
[[51  0]
 [49  5]]
[[3 0]
 [5 0]]

0.5596330165863037
0.25
[[57  0]
 [48  4]]
[[1 0]
 [6 1]]

0.5420560836791992
0.375
[[54  0]
 [49  4]]
[[2 0]
 [5 1]]

0.6168224215507507
0.25
[[54  0]
 [41 12]]
[[1 1]
 [5 1]]

0.5420560836791992
0.25
[[54  0]
 [49  4]]
[[1 1]
 [5 1]]

0.5714285969734192
0.25
[[51  0]
 [45  9]]
[[2 1]
 [5 0]]

0.5462962985038757
0.4285714328289032
[[54  0]
 [49  5]]
[[2 0]
 [4 1]]

