train_acc
test_acc
train_conf
test_conf

0.5779816508293152
0.125
[[57  0]
 [46  6]]
[[1 0]
 [7 0]]

0.5607476830482483
0.25
[[54  0]
 [47  6]]
[[2 0]
 [6 0]]

0.5607476830482483
0.25
[[54  0]
 [47  6]]
[[2 0]
 [6 0]]

0.523809552192688
0.375
[[51  0]
 [50  4]]
[[3 0]
 [5 0]]

0.5412843823432922
0.25
[[57  0]
 [50  2]]
[[1 0]
 [6 1]]

0.5327102541923523
0.25
[[54  0]
 [50  3]]
[[2 0]
 [6 0]]

0.6074766516685486
0.25
[[54  0]
 [42 11]]
[[1 1]
 [5 1]]

0.5233644843101501
0.375
[[54  0]
 [51  2]]
[[2 0]
 [5 1]]

0.523809552192688
0.375
[[51  0]
 [50  4]]
[[3 0]
 [5 0]]

0.5462962985038757
0.4285714328289032
[[51  3]
 [46  8]]
[[2 0]
 [4 1]]

