train_acc
test_acc
train_conf
test_conf

0.6146789193153381
0.125
[[57  0]
 [42 10]]
[[0 1]
 [6 1]]

0.6261682510375977
0.125
[[54  0]
 [40 13]]
[[1 1]
 [6 0]]

0.5887850522994995
0.25
[[54  0]
 [44  9]]
[[2 0]
 [6 0]]

0.5714285969734192
0.25
[[51  0]
 [45  9]]
[[2 1]
 [5 0]]

0.5596330165863037
0.375
[[57  0]
 [48  4]]
[[1 0]
 [5 2]]

0.5607476830482483
0.375
[[54  0]
 [47  6]]
[[2 0]
 [5 1]]

0.6542056202888489
0.375
[[54  0]
 [37 16]]
[[1 1]
 [4 2]]

0.5607476830482483
0.25
[[54  0]
 [47  6]]
[[1 1]
 [5 1]]

0.6190476417541504
0.625
[[48  3]
 [37 17]]
[[3 0]
 [3 2]]

0.6111111044883728
0.4285714328289032
[[51  3]
 [39 15]]
[[2 0]
 [4 1]]

