train_acc
test_acc
train_conf
test_conf

0.5504587292671204
0.125
[[57  0]
 [49  3]]
[[1 0]
 [7 0]]

0.5327102541923523
0.25
[[51  3]
 [47  6]]
[[2 0]
 [6 0]]

0.5327102541923523
0.25
[[54  0]
 [50  3]]
[[2 0]
 [6 0]]

0.5523809790611267
0.375
[[51  0]
 [47  7]]
[[3 0]
 [5 0]]

0.5688073635101318
0.125
[[57  0]
 [47  5]]
[[1 0]
 [7 0]]

0.5607476830482483
0.125
[[54  0]
 [47  6]]
[[1 1]
 [6 0]]

0.5514018535614014
0.25
[[54  0]
 [48  5]]
[[2 0]
 [6 0]]

0.5327102541923523
0.25
[[54  0]
 [50  3]]
[[1 1]
 [5 1]]

0.5523809790611267
0.625
[[51  0]
 [47  7]]
[[3 0]
 [3 2]]

0.5555555820465088
0.5714285969734192
[[54  0]
 [48  6]]
[[2 0]
 [3 2]]

