train_acc
test_acc
train_conf
test_conf

0.5779816508293152
0.125
[[57  0]
 [46  6]]
[[1 0]
 [7 0]]

0.5420560836791992
0.25
[[51  3]
 [46  7]]
[[2 0]
 [6 0]]

0.5607476830482483
0.25
[[54  0]
 [47  6]]
[[2 0]
 [6 0]]

0.5523809790611267
0.375
[[51  0]
 [47  7]]
[[3 0]
 [5 0]]

0.5779816508293152
0.125
[[57  0]
 [46  6]]
[[1 0]
 [7 0]]

0.5794392228126526
0.125
[[54  0]
 [45  8]]
[[1 1]
 [6 0]]

0.5700934529304504
0.25
[[54  0]
 [46  7]]
[[2 0]
 [6 0]]

0.5607476830482483
0.25
[[54  0]
 [47  6]]
[[1 1]
 [5 1]]

0.561904788017273
0.75
[[51  0]
 [46  8]]
[[2 1]
 [1 4]]

0.6018518805503845
0.5714285969734192
[[54  0]
 [43 11]]
[[1 1]
 [2 3]]

