train_acc
test_acc
train_conf
test_conf

0.5871559381484985
0.875
[[12 45]
 [ 0 52]]
[[0 1]
 [0 7]]

0.5794392228126526
0.75
[[ 9 45]
 [ 0 53]]
[[0 2]
 [0 6]]

0.6074766516685486
0.75
[[12 42]
 [ 0 53]]
[[0 2]
 [0 6]]

0.5523809790611267
0.5
[[ 9 42]
 [ 5 49]]
[[0 3]
 [1 4]]

0.5504587292671204
1.0
[[ 9 48]
 [ 1 51]]
[[1 0]
 [0 7]]

0.5794392228126526
0.75
[[ 9 45]
 [ 0 53]]
[[0 2]
 [0 6]]

0.5794392228126526
0.75
[[ 9 45]
 [ 0 53]]
[[1 1]
 [1 5]]

0.5514018535614014
0.625
[[12 42]
 [ 6 47]]
[[0 2]
 [1 5]]

0.6285714507102966
0.625
[[12 39]
 [ 0 54]]
[[0 3]
 [0 5]]

0.6018518805503845
0.7142857313156128
[[12 42]
 [ 1 53]]
[[0 2]
 [0 5]]

