train_acc
test_acc
train_conf
test_conf

0.5229358077049255
0.125
[[57  0]
 [52  0]]
[[1 0]
 [7 0]]

0.514018714427948
0.25
[[54  0]
 [52  1]]
[[2 0]
 [6 0]]

0.5607476830482483
0.25
[[51  3]
 [44  9]]
[[2 0]
 [6 0]]

0.5047619342803955
0.375
[[51  0]
 [52  2]]
[[3 0]
 [5 0]]

0.5321100950241089
0.125
[[57  0]
 [51  1]]
[[1 0]
 [7 0]]

0.5046728849411011
0.25
[[54  0]
 [53  0]]
[[2 0]
 [6 0]]

0.5514018535614014
0.125
[[54  0]
 [48  5]]
[[1 1]
 [6 0]]

0.5233644843101501
0.375
[[54  0]
 [51  2]]
[[2 0]
 [5 1]]

0.48571428656578064
0.375
[[51  0]
 [54  0]]
[[3 0]
 [5 0]]

0.5370370149612427
0.2857142984867096
[[51  3]
 [47  7]]
[[2 0]
 [5 0]]

