train_acc
test_acc
train_conf
test_conf

0.6605504751205444
0.125
[[57  0]
 [37 15]]
[[1 0]
 [7 0]]

0.6542056202888489
0.25
[[54  0]
 [37 16]]
[[2 0]
 [6 0]]

0.5607476830482483
0.25
[[54  0]
 [47  6]]
[[2 0]
 [6 0]]

0.561904788017273
0.375
[[51  0]
 [46  8]]
[[3 0]
 [5 0]]

0.6238532066345215
0.375
[[57  0]
 [41 11]]
[[1 0]
 [5 2]]

0.5420560836791992
0.5
[[54  0]
 [49  4]]
[[2 0]
 [4 2]]

0.6261682510375977
0.375
[[54  0]
 [40 13]]
[[2 0]
 [5 1]]

0.5607476830482483
0.375
[[54  0]
 [47  6]]
[[2 0]
 [5 1]]

0.6095238327980042
0.75
[[51  0]
 [41 13]]
[[3 0]
 [2 3]]

0.5833333134651184
0.4285714328289032
[[54  0]
 [45  9]]
[[2 0]
 [4 1]]

