train_acc
test_acc
train_conf
test_conf

0.5688073635101318
0.0
[[57  0]
 [47  5]]
[[0 1]
 [7 0]]

0.5327102541923523
0.25
[[54  0]
 [50  3]]
[[2 0]
 [6 0]]

0.5233644843101501
0.25
[[54  0]
 [51  2]]
[[2 0]
 [6 0]]

0.48571428656578064
0.375
[[51  0]
 [54  0]]
[[3 0]
 [5 0]]

0.5229358077049255
0.125
[[57  0]
 [52  0]]
[[1 0]
 [7 0]]

0.514018714427948
0.25
[[54  0]
 [52  1]]
[[2 0]
 [6 0]]

0.5327102541923523
0.125
[[54  0]
 [50  3]]
[[1 1]
 [6 0]]

0.5420560836791992
0.125
[[54  0]
 [49  4]]
[[1 1]
 [6 0]]

0.5047619342803955
0.375
[[48  3]
 [49  5]]
[[3 0]
 [5 0]]

0.5185185074806213
0.4285714328289032
[[54  0]
 [52  2]]
[[2 0]
 [4 1]]

