train_acc
test_acc
train_conf
test_conf

0.5229358077049255
0.125
[[57  0]
 [52  0]]
[[1 0]
 [7 0]]

0.5233644843101501
0.25
[[54  0]
 [51  2]]
[[2 0]
 [6 0]]

0.5327102541923523
0.25
[[54  0]
 [50  3]]
[[2 0]
 [6 0]]

0.4952380955219269
0.375
[[51  0]
 [53  1]]
[[3 0]
 [5 0]]

0.5229358077049255
0.25
[[57  0]
 [52  0]]
[[1 0]
 [6 1]]

0.5327102541923523
0.25
[[54  0]
 [50  3]]
[[2 0]
 [6 0]]

0.5794392228126526
0.25
[[54  0]
 [45  8]]
[[1 1]
 [5 1]]

0.5327102541923523
0.25
[[51  3]
 [47  6]]
[[2 0]
 [6 0]]

0.523809552192688
0.375
[[51  0]
 [50  4]]
[[3 0]
 [5 0]]

0.5092592835426331
0.2857142984867096
[[51  3]
 [50  4]]
[[2 0]
 [5 0]]

